[ 80960.966521268
32, 81418.98180188726, 77942.50061923935, 78099.75576880727, 67240.33337874255,
82389.55527647655, 72498.0786702603, 74719.32050265674, 74092.80165533345, 69705
.44520492146, 69307.97392045657, 76758.30320083725, 76287.49136659512, 74322.455
41513844, 76179.20409157731, 82852.91891033213, 81033.81932848874, 69443.2408084
088, 68790.29595238087, 72002.42764964944, 66977.00955381674, 71997.67013653214,
 101624.99976232428, 101476.19126020116, 106689.63242859404, 80020.58560322432,
86383.36466531416, 109938.49098351927, 78916.23635568007, 77231.7966534949, 8525
8.5715824803, 88167.79398851491, 85517.72765534867, 87042.52875404015, 77829.423
34142655, 92422.1769068802, 82462.28758912181, 76135.48764623885, 72914.88313204
846, 81368.199714124, 77968.08992074986, 91616.34349795667, 89610.72953982788, 8
1963.61030334335, 83780.30940698707, 83474.200882946, 82735.47165657862, 77639.9
8717763629, 74926.42985007507, 78127.17279583366, 72567.31727578687, 79941.22826
385342, 115201.42213158133, 117492.74257133312, 96730.9535304919, 79297.02784799
975, 86688.98306419794, 102856.11306571634, 63922.314852015144, 69851.5387811606
3, 85085.22848506541, 82891.76692020416, 81855.95119464149, 81502.7534107688, 65
656.66667190239, 87354.47568234523, 81318.99273378208, 79202.4578220572, 74128.9
229158883, 73734.5028966793, 76353.25167184124, 83650.10367511306, 82656.3532733
5894, 79042.98009631783, 82435.6598801554, 78614.25248349059, 77473.93927099054,
 73694.46552743841, 76674.99496931308, 76474.7722327344, 73573.76538611081, 7815
8.25230284834, 109369.2558354953, 110103.93388527395, 82997.98889443665, 62888.6
3438267403, 67795.11766602256, 87235.0571122787, 59601.677919409434, 60308.91262
718698, 69374.82541763832, 67316.30581708379, 66297.35140378741, 66856.073272905
98, 63313.93849225227, 69111.0320283873, 64299.47439137706, 63871.49390435474, 6
5637.35469323277, 70130.92264294981, 62227.05636293329, 73393.86326409887, 66170
.3584139551, 66129.27284717989, 68573.3243305262, 72114.28226337406, 67681.55596
693211, 64969.71402946056, 65526.58043248921, 65321.11978368292, 63086.733630174
924, 65740.1037480616, 86655.58163980398, 90498.58712496313, 82301.69512956767,
69155.85854238752, 71923.08875152426, 84367.9746578553, 73087.02056978624, 66233
.34265030018, 72188.43586926998, 73150.7602452167, 69513.70533769736, 71496.0985
0385385, 80347.73469156717, 80112.52156000258, 79401.59654387794, 65589.70253331
946, 73341.63621839481, 88538.74671852098, 71572.47981017314, 78926.16699838596,
 69542.95307021216, 88474.47009589378, 91319.93230769174, 91245.1982917521, 9178
0.40840340462, 80560.5796939011, 77368.01750213688, 76163.57293196947, 72987.662
01396844, 77104.53582149997, 80996.83511092653, 86831.80706551581, 82301.3566056
7947, 69155.51910872792, 71922.71963998821, 84367.60090839029, 73086.83305298383
, 66233.07304967493, 72188.1353553413, 73150.45111159272, 69513.56199137299, 714
96.04780651981, 80347.29968554994, 80112.2889914391, 79401.44591073568, 65589.48
18763486, 73341.58157104038, 88538.92032272385, 71572.08695636352, 78925.9011058
0265, 69542.59844761805, 88474.21202504562, 91320.02838188299, 91245.2349998502,
 91780.13065558953, 80560.50871502887, 77367.89567446399, 76163.24953385057, 729
87.62548783504, 77104.24353821004, 80996.37906791246, 86831.50148846985, 78292.9
48901578, 61718.827121010516, 63893.57178812087, 82528.04223338662, 64455.354342
58205, 65116.68439496402, 72248.75727877124, 73741.42706351815, 74125.3473219749
4, 71214.59235231795, 74887.96902896829, 74208.4800966475, 66162.94911113345, 63
243.62205898549, 72517.25324719673, 80392.44065651893, 68936.81797376719, 66088.
66194934299, 71077.90224827989, 83190.01246823149, 85083.80094537685, 83009.5589
706764, 84248.63852847481, 69037.85304665915, 72676.10192633877, 75023.360076114
43, 66743.90986397867, 69296.96652187454, 86913.55508937422, 85348.87453063995,
75634.60990496002, 55724.89286696588, 57002.788423178325, 78488.42566037604, 608
99.75987171028, 56136.028884935506, 62690.31747779948, 63981.21436662221, 65124.
21857036601, 61963.297804748996, 70031.54814786545, 68795.33510194655, 57870.604
40407873, 58279.49285192119, 64927.18267170918, 70995.15934059327, 63558.3152000
9426, 69120.34623846978, 65908.07744257056, 71721.54730556921, 76189.11262190144
, 73096.4583857023, 70387.33601518896, 58769.72881145875, 59403.6000916211, 6307
2.51034739294, 60163.4573622044, 59732.85925024154, 79786.36922275696, 84165.031
4750185, 83673.9349666893, 68622.96688675175, 79730.4937403967, 89858.4690985136
1, 72891.14362572879, 74303.73267756411, 79658.3704553571, 82173.96226958872, 75
051.66979612364, 78974.0339732196, 60623.48144444871, 85888.07240375584, 81759.0
8200755501, 72476.19576703155, 65319.73966555834, 68833.78574111804, 68743.98499
64682, 88184.20470638083, 76803.95134135222, 72698.71841202752, 70504.8590390591
6, 74989.29621148309, 78682.00015804928, 65900.85989234976, 67915.04513741989, 7
1134.04522454897, 69483.0339510638, 71106.16521762402, 106626.94118646825, 99423
.63277897002, 81614.19656067873, 58915.73782184219, 67455.18050879215, 90009.985
85238749, 70434.42627265252, 60260.245862921685, 65993.57213496837, 69470.293073
28346, 70756.56010668681, 71671.74377056748, 62080.999000171905, 69402.413762188
47, 68129.94840857804, 64283.32569895644, 60517.83589054162, 70568.19520253557,
65465.25540722613, 83468.83439057413, 68883.59065339387, 63708.30877893042, 6770
3.31699289876, 71131.73424262933, 75231.87566425212, 60546.15293439797, 63535.72
451300362, 66320.88485330065, 62600.820178167545, 63057.85660876129, 94805.98866
007134, 92753.40920384825, 82271.64319705805, 56799.56294780945, 58055.416027957
52, 84437.44023503378, 56180.53129803904, 55492.06166534421, 65107.66905908082,
61573.9382011362, 67429.01939059862, 62819.02542274424, 63812.310949467734, 6818
6.6494720222, 52626.90477276222, 59029.32491815245, 65582.49572233396, 68600.109
49713404, 58500.87024797371, 62248.30234774377, 66191.45138066476, 72992.3324425
0479, 74095.4028722598, 74209.90212908112, 77080.4027996848, 61411.685268671295,
 60713.33484119741, 66884.047448055, 60407.61508409395, 64935.40287399706, 86024
.03264926036, 86406.41324737594, 76978.72121270241, 57308.5686196971, 65430.8196
0359185, 81467.82444985548, 54673.80170222794, 63335.50711017218, 68577.21021409
871, 67554.47516571003, 68087.66828331481, 68799.34071447997, 58568.74505376076,
 64716.54906529052, 63116.41087821267, 68279.1778962422, 67922.5797841125, 65956
.19500525831, 62628.350106475045, 63193.34546684763, 68755.80223007865, 66978.49
633682641, 69103.9010626967, 74256.9517040636, 78502.92666854574, 60838.28315868
361, 63451.906744717555, 67363.76124856096, 64842.02649717227, 63505.6915748114,
 90059.97018591769, 87713.68040573131, 81742.45933754426, 64035.506762956604, 72
961.108410722, 88019.85305253971, 59725.3354335808, 63325.654742022, 71905.73615
681096, 74037.48169588116, 70422.84236829416, 74965.3808473482, 59997.6278253071
14, 71791.99122377987, 74170.60762111259, 65768.41673565928, 62150.94688778756,
68811.70295014189, 70006.71649993336, 71424.11765341666, 71109.95602118962, 6623
0.59671132438, 67204.33723371806, 71763.87389682812, 73442.55721414699, 66160.55
849102605, 63451.08728893626, 65313.82268516787, 63625.073307048384, 66023.94000
821968, 95873.90007368792, 91128.79231797904, 77422.50423785229, 61775.498740377
19, 65364.446221195234, 81893.06180244163, 61690.318536493396, 64017.68536167411
4, 71389.93086178922, 72566.24847731508, 74777.80952632758, 72872.12231203211, 7
7430.45574112619, 72747.46965763182, 64297.33636918472, 62845.173355255036, 6755
4.74267512122, 81065.79762399994, 69736.68916241569, 60477.22629285571, 70465.29
05815503, 79516.82382186454, 82697.91548794396, 86814.63626746637, 90680.4639365
6301, 71163.4651139581, 72801.52299519423, 77759.29641413211, 73427.34918494309,
 71434.10111404583, 82310.64517210198, 83066.52607217377, 78699.62521521033, 605
51.38562385436, 62368.77336451516, 82438.914403745, 63019.98035844377, 64731.635
68244824, 68245.20126921155, 73400.38058514199, 68335.35122312135, 68389.1087926
3602, 79129.19007271396, 75476.93967051731, 67577.47164465605, 56021.18986063848
, 65503.52204229383, 75031.00961367982, 68075.92912424741, 70589.9570801872, 700
45.99557380468, 82756.12906085713, 85711.17749352417, 80656.54852139906, 79643.9
3457671446, 68905.1720370476, 71670.03680633295, 71967.73002794923, 66512.209709
10399, 69678.86600399892, 90046.87798037578, 83726.5800963138, 79251.3022218307,
 62184.33666825948, 66965.53719660932, 83583.05151306033, 69771.4314299173, 6159
4.52447522302, 70193.56095401381, 72464.66205088384, 68520.76703596895, 70812.78
398495061, 69611.35124204867, 75299.51844428909, 71249.5388678382, 63916.2334175
0636, 68066.08199219218, 75951.39080841791, 66605.57533485752, 75193.50948341355
, 70129.90839838012, 77639.17419515557, 80040.02575735317, 79336.98119183652, 79
945.7856835828, 67407.63362121003, 71889.88273641595, 70199.9268378541, 68675.30
975950568, 66000.67207899029, 91552.72948326777, 88644.71679648919, 65636.480497
09132, 58356.09186811876, 56703.69521738381, 64712.284742595, 70003.67267105279,
 59740.428140446995, 65670.07906472932, 66220.54728607461, 64877.91758408037, 62
991.15160311328, 76730.96437714058, 68158.69756175931, 63789.58981107242, 64183.
09876686833, 78101.02075746306, 82407.00641674553, 65281.76275068052, 64808.3380
8048605, 59993.59063450599, 86616.83089577041, 91825.02327077586, 89475.10166995
203, 88834.28976261748, 70871.84983840582, 75374.11699698935, 71818.06902136895,
 69592.49984630426, 67025.25900065394, 70456.26457458672, 72393.19246997015, 781
45.17517149253, 65004.03334522686, 70714.17039635596, 81259.01052803545, 74319.3
0733658701, 72629.54989232327, 75745.09728800987, 75408.49349831961, 75133.89737
02469, 76150.27990452324, 76081.43596970942, 75839.07600970304, 74349.6009684038
3, 73865.3010692502, 80179.3800320939, 83878.95627030353, 75534.68269147156, 681
36.78711104328, 73617.01189957897, 86963.30865538477, 90303.56394386338, 92662.4
1348694327, 96819.87176314271, 73003.47493859936, 77956.26864085867, 77026.24168
991462, 72751.6779273626, 71857.15402341337, 89916.32741578152, 87285.3510467877
3, 85802.2205341632, 66109.3627851119, 73704.17667676185, 90265.01480197562, 714
60.78199083768, 70591.09069677039, 76375.26008140616, 78239.74779808494, 77361.1
1762199446, 77083.3562028281, 69355.07902815836, 80982.63348984937, 73717.524374
71425, 70319.96772191848, 71787.13167874407, 75164.8983245549, 72042.60701876538
, 75358.51346461271, 75712.2811513171, 77528.53489023611, 80050.73914851363, 843
38.572943847, 85040.0242363078, 68632.81910639514, 71245.26746065113, 72811.3442
0250486, 68317.48835275331, 68672.37649879688, 98217.79316168815, 97852.04031319
771, 82161.18800525696, 62601.28488491637, 65919.8767786601, 85578.24824040363,
66302.95361261143, 63098.977418225964, 70610.96666525694, 71884.12847236083, 704
93.44266877157, 70727.68660489703, 69453.32425416278, 72333.8699336081, 67873.82
80754211, 65264.06831611949, 71197.5213738181, 74945.68232872369, 67045.87967269
552, 63587.07108124538, 71652.69970848414, 78547.93737229575, 82003.29359559702,
 79179.06821665478, 80830.71622878712, 64154.861467459465, 71305.87170657769, 67
986.61963584393, 64269.76768800907, 66287.24452306941, 92232.60430417325, 90609.
82051233914, 75937.82293808447, 60745.22161322843, 68753.3893192099, 83152.17270
269644, 73116.54055715518, 67842.27156424697, 71745.67805705157, 75377.562811874
12, 72123.92854595654, 73515.6973915762, 72932.07232459329, 76901.2793772305, 75
940.57719545321, 67689.31469128976, 72045.51033173107, 79749.89110712998, 71497.
89444109432, 75568.69565257938, 69288.14826132363, 78921.56975404332, 80801.8820
1799136, 85944.66980350165, 91784.44408716082, 68000.25840680642, 70719.21416894
719, 73546.91422203844, 66959.05333650605, 66635.07089276388, 88699.27608630348,
 87553.83142338504, 84810.83226102928, 64926.222767887506, 70446.8746080277, 885
75.71235351471, 67858.7347736859, 68535.07133639886, 74033.1115874167, 78553.506
59069602, 73292.77614751647, 73795.72425145423, 70140.46521037995, 81254.5642809
492, 72507.64874474169, 67088.44251756779, 71298.83309151694, 74663.37961056268,
 68898.64609121645, 74502.31504888479, 74612.8656605505, 77040.80700360404, 7960
0.94817693943, 79303.95715283192, 80388.88574606001, 68026.3059839937, 70750.301
23758789, 70275.70236605698, 64264.781767088745, 69235.75858122557, 96967.621042
73478, 95547.87344617615, 91551.01358716778, 66933.32714546187, 77533.3037359405
7, 98896.53838240866, 63404.23612688067, 69704.2417316373, 79436.81269092868, 77
683.0357886153, 76368.14406194918, 78179.39224958124, 62168.03039764701, 79185.3
5466146225, 71357.40897780957, 74049.55490623915, 69367.8164329858, 65369.426130
753534, 64954.56961029438, 88328.48918541278, 79734.00549878957, 61744.318094990
19, 62412.01022875521, 64694.31564585841, 66816.63310994423, 60998.17039974944,
65035.94604764528, 69029.28048459179, 66027.05949684321, 68936.77814024853, 1081
63.62180718633, 107537.78820211325, 70410.14638150578, 56891.5952196809, 60893.5
32681937046, 76618.0482318417, 65551.96063373062, 64988.227949931636, 67794.1446
3073546, 67723.07499159496, 67772.91430590808, 66874.6503910688, 69166.845126494
11, 69271.72595539324, 65075.59723354052, 66507.95264998566, 71919.74852461721,
75845.53373657641, 67997.6021980813, 68572.95366223938, 66842.47639653299, 77736
.73860338559, 82535.85291999612, 82637.38699872802, 86300.98110158142, 61999.821
62250017, 67819.23450245573, 67916.52246830845, 63750.40751722143, 62336.2286007
4086, 82038.2986346366, 81809.01055743957, 90855.18729911426, 64513.56686649457,
 69359.25957572936, 96709.72647817664, 62632.72432734374, 61889.1165058046, 7186
0.27835530751, 74254.37868381702, 70093.66244955092, 73284.60988922163, 63375.49
6337088516, 72670.15753543495, 65409.00460894939, 65344.704381813965, 62268.7714
38391195, 64977.968181823686, 64318.56191911028, 79695.56515141173, 74804.354730
03233, 64756.8325895668, 66514.07535460101, 67171.03033325175, 69705.71072813064
, 57710.495140533014, 61655.652241604366, 64934.05977218413, 58638.86440348621,
61704.84514098868, 102622.03122652438, 98932.55378590908, 54672.38600976593, 577
89.72232328977, 70276.49086694887, 66305.5188603095, 77912.29050787177, 74689.56
412353531, 72655.02169147998, 77779.07935747164, 73701.36822142321, 74754.110266
3719, 71482.1186411507, 76295.6706894773, 79674.97211664639, 73771.93462670589,
78225.18502091266, 78088.03938370822, 73692.51748187946, 74856.36982212093, 5655
4.27699052059, 86291.30103840638, 87611.06973993081, 90419.35600413762, 93519.95
210821158, 57728.03487616219, 76642.77756367509, 71430.42208022748, 73025.818992
34622, 67310.74633814133, 83946.08098197787, 75152.39121811741, 65217.0783045954
16, 60704.39023797733, 66382.86103019358, 71682.54931770063, 72844.82998719288,
67510.47198925792, 72553.93649938366, 73038.19672107628, 73911.6592670319, 70091
.59505976229, 69218.27054344914, 75461.36729995573, 74348.87682470279, 71541.124
73371346, 73588.41925166234, 74055.86392335995, 71030.81140159989, 72460.7148541
1728, 66992.89876609524, 74500.7664778597, 76311.54071404958, 83514.06416048079,
 86479.40601018333, 63464.217103502655, 69057.9050521607, 66422.83014070638, 647
28.202017734344, 63542.38035395423, 78054.81318855008, 76684.54652375441]